009300080020000004800947000070650090000000000050409230600010000007030001000002500
408200100000061809060400000500000080000000602847026000014702005000014000000000090
008000391019020000060000000080200000600000000700469030000000063000000574007093002
060021000100000450000000007005000064000200009000086072907000005200109300000500000
000002050907040006630000000004060000000700000800005010309001680000406000400020100
040003205002000016100070000000060002000000800030001040070800600300126507200000000
000010042030000080006700100000030006000500020000607800450000203810020750300000000
005000407080030010000010600800100006000300005701096300529800000000002000038040000
072000500040100030950000400400010078010020040000900050600030000200000007000402900
931600007002800010700000000540703060100920085000000000024500006000000070350000000
083000000004000630921000005008700000000902106400000350010000090040000800007450000
715000800002000090000003700090302000020065000006480302000000010000207500001540008
800000050091060000000380000060000795000000600000642030908000060000000109046000002
007008040000602000020010000000070590000804000000390408000000720074000600805000001
920000300000700001056000009000080437000070000040200100000000005060108040204906000
000300000079018000601002000000200070054000000006740900900180000030000407000900300
300102000780000000000987405000070800970000000430500090000315060090000001503200000
080297000020350400001000000800020000009000070204109000000902600000000740053078002
000004000009010600000500017500040206314000000020070000000000400100800030903000852
300004080000000160008010504020000071000000040084001205840000000679000000001500706
003540000070000360000001000061300040000089020000000030820000904000800000135090002
506903000010004000002700640000000000050000476091600302009078000400050020000102000
600400000000000041041090038002000310000700509500000000000000794103970060000005000
000007600340210000000300000002800070090006000015700200000040002000600715600005003
000020154000010807450000060000938006003040010000500000000254000005100030009000002
000030049000004080950000006000005120090402000000800907500006093000000800006070005
000100300700400000080000254002800010400007000003000600000781900000009000305000007
004500000090040200200080600000098070000100006800004051002000900040300000580060000
040000000800003001052890400004000700600000050000070103500000000420000370007421000
000200309040008200160000007000000090210000405306007000027000054601000700050000000
007004958000102000046000000600000000090020004000700012000097001460030209000400003
900010300000070500600005821000100003160009005793000008070000000000860000309501000
002500000300060401145000000000004200403700006800150004206030080000000000030879000
000000009200061005106540003005034080423000000000700000907000000300000254000803006
000090040030004080000520009003007000000603008020010634009070020080000000510409000
900704600000000008000016092070000000004100005235000700009000150607000040000092000
000005100704000069956000000000000003040020690160070000000030200803000000025400700
000060004000001900400200670902653700003070000000900000000738400140006080700000200
000280100040100005090000040000008600982007003000000902030700016000060830000000009
005006300400000000080702001000009050850200003600070000030080000008500006502160070
004985000000003000710000000037000001000200040000009032000000004300072005000060190
010000000040052300060100980520000090000010400074000052030006010002571000007000000
002000085170004020040020000060000070000800000800240100000003010000450009900708200
905000000000003000000000264000530790500070000290060080000092000609000800000705026
007000004080950000000723000001060905060000000003072040930000000000500300600009180
003000807020400000400000950000000008705040000201708003002000000040000080900005730
508001009002005000030000080009000031000704260000000400001003000020010070007000608
000000007006031000030480600007950000000000459004360000000008000500040001649023000
020040008090200000007010500231005000000320070005090000000000009010000806000039052
000506008090030000100000004030600050000000000079083000000700093650090000000124000
