000040000400000691030091042000057830089104000007039164800405000273906015000020000
001007806920000000580041007000120700800000004000709000740900000000003402100072900
900008000040300800701020503407000100800040000532980640000400915190867200000000000
009805132000000800600002070400000206000900007007016003208090700504028300031004020
270000068043900000600000000050000076930860000006020091010070230304000650067000180
700009080000060701008400009005000000070080456039500200900000060003004000040000508
300940006700003009500000312803000400000068020100790800031000000200000030070106204
063205000910043800800000000080972300040000009000400560000028100009060087008310640
002700004160948520080005071700000082000001009046020157800057900600000030500109000
000506000054270890007000500100000072000020310760300905509000780040000109800190006
002900400600070009008040020180000000409006801020005000064000013090000000857090642
120680300307012000840700100604900000032001089000053014000006000060320050000005908
000000050089507300002030901000089540045103009970450010000270000000000096034906028
970002806040080007800093124396007000084900070200050360638000000700501600001008002
028150409940000130000000007001530926000060018002001500260815000409000850100040070
340068021050900087060000000030001000000400070920030005000000750070000903003805042
023400906960300040150000030000003600600000010500964008000040000002537461006000007
208903004070205030001600000090100427060000000020850000509060082002001006306708010
000000900080903510039014068273001850904800000000300001000030645456780000090040700
071060003300090006000238009000006001130700402264000705026070000013000000409002300
002009001000401038047320060004005007503167000010840300079200803020000000300006100
000507108040000000806000000207000001468000070090052000031000805000485306000030020
002914000000000700506007009405036001060002040700040008087400590214005060050760000
300004000160807900000059400000240870240000000500003042000900604085406200000712000
002000850000001037400805600000080000090140078300509000005000200060030080200708900
594063200000200000000504860000900635002035010005000900300100400086020300000059006
020070098000859000000100700000900002050204100800610350005090000000003000004721630
800000050000654070005070200000300562300205080206000900010000000004731609002040107
039080010000937000200000007006000000800005160540610070903074050000020600000309080
640000870000040005003007490902350040010002000300010620006000318030406052090031700
000000300700032000020691800200100050080570429000249608962810004305000180000300006
100000005095001000020097006609308000000006813013000079904000280200409007067000050
070028341413005020290000067980016005050800000030002490800037900000400006367000004
000960070906078003280015060002030708079500604003000100600009081090000300120053000
630400070000700000500100249058000090060901485000804030005600001302040060870010904
701800400900524701002600083800000630007290010000370820005003040240000300006080170
050000032000030106007006000000389007003520061005400080090005000000290600570800003
000026009000718000050304781080070005000409000940030620020000000096040070010007956
080530090073400201006018003005040000010800060002006904029005040300004100607100308
605004000070930560000610020001020050003061002800090000080000604046300905009700230
008500094004003025000097300000000040001042080020309050050034810009600500000270400
106000900230594060590100080609807030020000196003000208300065007700000600000080020
020450006030900000050106298000000004074000859589304600643000000002005063700040100
000910006000000400020004809200090100065002390000000074002387900003000000000240780
910004503030916000004030900250000410690081000001000030365040780720000000009028350
200000090040062081010907050500008000020130007074029003000000078600001000107090030
070600000003008090005040000006200980849060000051004073098000000400301000000500700
040000583008074020612830490800090000000500340265083010480600200023000000000050000
000201300367080000000703080000602038030490206206807090001320800000104600020070051
003200070000094006000000304004620180720189035900030620000010000045008010300000708
