6
308000500009002030400010000000000020000807600005040080504000000100706904080090000
104000000000050070000007068001009350200730000000600090500000600006028004000001080
000001000300000915905004007009000100070005000603127400000840006094000000700002000
005003600080050000030610450000900001900020860310060007000580700000000504000002036
030000400000053000701006000000000890400090007958000300340000200090060004610500700
000000065004000180250070009000710090030008400010906000000000910000300008700040000
000009000200010060014568000006403070000800006800050400000090002300002000040600305
000005200001000503300002068018000005400000002009800600000070040700408000100000920
900400570002051000000000042094007050100586000000000100703000000010800023089003600
090300004000005000372010900000000001703020009024060530200049070000500000087200090
684000009000001004010000075068090000902040000030800700200000003000005017090300020
030000000006000800590200001905003072000000000127009004400182000000006035000000010
000890000008002003010400006100305000040200700003049800400060057000900008060020000
680000704200300000090000060000090040031040600000007103020036001004000000000001870
010700054007604030500000000905042800403000000070006000200970403000008900700000000
008009500000000012001070300000730100000090020090006000700304000060000001400002758
000004000600090000002100050200015060000003000705060002000070009570900100900321600
006008019000097400100000030007200098250000007000001000000000003805009040090006080
670005000000018020000000304091007003000001806860200000000100000020059060080000490
009006300400070005856200000600000004000700200000091500030050006008000000000008413
000090005007105000000040792009800031750000000000900000005000004000260070460500008
009000000700500060008704009080000605600030210010000000030027050000100900000805004
5
000700024800000006067000300036007200090080103000000740023900007600004000478000000
300160000000800007400500210000005100000000094500730000600009045000000000745000028
098005003000070050004016708006901000300080020000000319000050040601700500080100000
102005000000400100000000067057000000900500040030100200000630010090008036700004000
000012008100300000070000090006000087040070000008003402060700050380046000000530000
008720000060000900002603050000090000503210009040000700006102007400008000000000836
076090000000000208080000010709300100460070000003000002000401760097000000500000000
140000000050000670206000801700050160003000000060009005000080420800402009000700010
100000873000000020049008006081000700490080000600400100070016050000970000806504000
300600400001009000208001070020016005040000027900000000500000600003002090012900700
034000002000500600000060809000006430080001020502000000240800005001020000300095000
460900100093070000000005000079050003006000400500000090080510340100004020000090500
007012004000007062010534000805020030009000705000800000000208000000000570060053008
003000086000005400800394000060000100000050008012000079007000804620008010000010005
005060008004000590083007000400000106007100000000002030000200000140080605809000004
985000002000000000000090736000000490103000000004670000000009600800000250016040000
000000760904306000030800000025000100007000090840000002650900000000000035001060200
900020700600500100070000068000050070734001006000000009300068400000000007042700080
000005000000710090400090205060050000859002060203000900106000070000080500020003680
870009000200018090003400100000240060000000009000051400032604001700000000008197200
3
