960350001020640000000201040000802006000010800009406000003000000006004100500900030
060000010800005670200470090006930000923000800100000200070000100010000086008300040
009700100100062004000803000800090030003200906000075000006000307400100000000008009
500000300600409100043800200019207000005000900430100070000002006000000400307940000
920000080000020300001700000500064100000000800307000002100000406040075900002000001
000000040500400607109300000000009006000720050070000309200000000400000562007600080
600000020500790000100305007780054000006800400020000000000000901900040036260070000
090250400000000003410009500000030000251004000300005709024090800000000000006503120
200900056000005142007000000000570400035400820060090007000000670590607000000280000
402103000001000004689000300000509060800600140000030000060010000107000080000020470
900007000806000200030290000709836040300004000040000800003020006000009380600008100
085040326300000000000000058590000010008300000000050700000089100020060007079004000
100500000908000605000208170000700003500000090030049010015680700002004300090000800
005000094001074002900600000209000000000407000000005601000000200094100008002000059
002000500060903072000007008000000243001000060003086000006002004030000090000610300
000003209000000074070982500090001005507300000000040000820000930000006001000000020
031000620070290050006000000050403700600109008080000000010005800000900504300060000
008500001000000030009020864030284590800600100000000000402000009100002600500900047
010700500900006004060000900000008000000100780002030050005004070000010000208007105
465320000800000000000109000600030004054760098000500000001050780700400026000000001
000000802061042300040300000130004009009000250004000000000908670000000900020000015
000043000300208500000000470678020904003870000500000006000000852706500000000010000
008000067530000208400000000300072980000900000005010070106020003000850046000000000
080072000010000000000000648300580000000200860000490032070000096000000500830049010
010060730530900000600000000000507090100480600800002000050800000200000100703005042
600107980000080000020300007230000070708003000010000600062400000000090005004010290
089003000200080100153000080800032000000000500500007091000005020006400000910006000
004700010000000005090000270000000090021006750960000130209008000400001060000037001
070102500043000002000050800900000061000004200280600000000306090000070000005000430
030090000020000700009160430003080072000000908000607010050009000000005207000310000
