000009002000400706600800430000600080000090000008504603002000300800006000430900058
005004003800000900000080065020439501000000000000072004130800070002000600000047000
007005300650009000000000010906040001002690400070000008005000000120500090030012800
904008005000015000002000600060700004500104000000980700010300820200040009093000000
400200100103000000008030090680009054000000080000076000009400370042000000370090800
500071000000800005040209617200400030070980000000005400000090020085000000100300009
001000309200060000000900040090013005010000080005200000040601200708000000000000400
000200070000047010500000269000004085720000000000600740000070030000400800005903006
000005007900830000000004910000900406000001008700000020050763002102000600073000000
000000670008070203100052004010209000807000900230000010001503400060000000904080000
300000200001800005020000601000002900430000000007106300000719400000600023000000100
000000230001400000400705000000069000500041023000300600960030000070000040000200800
050604203004000000930000400079000000001820907800300000000060820060090001000703000
802010000000000601000537400007008005004050300000720000001000986000175000020009000
100007050630200000009300000068004020000080001000000500200078300057000010000900800
000759600804030000000060000100900060025070001000080000300000970090008005000600400
000900034604002000000000700000298000902500000060010080010000000207800310048000200
905300020000608400000090000001000000009701840000030760093100050000000000800204000
000500060030020000890000107002000506906000000170090000700000001000002000020908050
060000400208490060007000008720006000003700140000003000000300082015980000900000000
700009000500831000001000506000903000000070930050000460200000080605000001090210050
000005080800070302502600000020000700008000060010004009000002000050860024000501006
007000000600400005050010370423000007906030001000009000000040000280600000065397000
050000207002900000400070800009000100020581000580300000600043081000600000000010500
081000000000000302000695000002340006050000030409000200000006005070200000306008020
000300000000008907790001845000040003450030682000806090000004000036080400907000050
060070003001060000802000400700005000000007320020900040280601000090000030030004500
800070000502080006000001904080000025000100400300600008007000000000800062430700000
002800450700450000000001090081709000007020006003000009215600000000000000430512000
758000610040300000001000000000400020602080000090000030036970000000000050000004308
006000071040050000001000840005300008090021000460000005080200904600003000000010002
000000000008000071900074053010030000000805200600490500000700000700000380041200960
602000409000004506003020700000001903005000000810000070000098005530700000009060000
200004807007006000950010020010200000008000040693000208000000080501600000002000701
704060000050304006090021000800000520425000060000040300000050200000800000016030009
046300001000400005500009007003100000800000506004000028207045800000000000465001000
040020001008400009000150630000000000005040003902705000000030012700000000069000040
002050000900001000080300402090600201340000700000000046620500030005080024000000005
003680001904000000000104000600319020100002004000000003006000000300875060780900000
090000800000210000730040009040000060005080000000007900000700400560000700300056008
050000900700000508001020000003000000600014009820500013004000007017090650500001000
308010600000000041020600700000002065000050100030000024600400002040009006000803010
000004703000010062030009050040000000002081600603900080000003000010000895067000040
008050000700300502040900006000009700000103004300060050004000000070000921020008400
000000000090012507040000231003200000000000100000097080008000005400000060000150970
000090380010005000035002090600000700004001000271060800020008040000000000308507010
000270306074300000000090000500021030000030007600080400103000000000000140050043908
050001000000650000490000002349200000000060000000300807020900000900034050000000106
000080000004076200082001060025000600040000030890500004008050000910000300000010020
070056000006009000280000504860000050005000009700000826608200041000000000004500900
