007600000060040200000050039741000000000980000000470020074005801100000006005800700
000800090030060270500100400068000000700004000001906500209000000000038000080000014
000000007203004500400050100001009600060027008008000070106200900500030000002495000
040000002000060000708500001500604000007800005002000760670000400005100000300000008
000730019000002738000000500050000000002086400100090000000904050006050800200001004
000000031000607800098000500020000600100000000000940005000290100001804020030500004
001060000008704000200000083019000004500100768700000000060010000005900006803000052
020070400000001006000090050082000030500000000046000728000710680000006005090040200
308000500009002030400010000000000020000807600005040080504000000100706904080090000
104000000000050070000007068001009350200730000000600090500000600006028004000001080
000001000300000915905004007009000100070005000603127400000840006094000000700002000
005003600080050000030610450000900001900020860310060007000580700000000504000002036
030000400000053000701006000000000890400090007958000300340000200090060004610500700
000000065004000180250070009000710090030008400010906000000000910000300008700040000
000009000200010060014568000006403070000800006800050400000090002300002000040600305
000005200001000503300002068018000005400000002009800600000070040700408000100000920
900400570002051000000000042094007050100586000000000100703000000010800023089003600
090300004000005000372010900000000001703020009024060530200049070000500000087200090
684000009000001004010000075068090000902040000030800700200000003000005017090300020
030000000006000800590200001905003072000000000127009004400182000000006035000000010
000890000008002003010400006100305000040200700003049800400060057000900008060020000
680000704200300000090000060000090040031040600000007103020036001004000000000001870
010700054007604030500000000905042800403000000070006000200970403000008900700000000
008009500000000012001070300000730100000090020090006000700304000060000001400002758
000004000600090000002100050200015060000003000705060002000070009570900100900321600
006008019000097400100000030007200098250000007000001000000000003805009040090006080
670005000000018020000000304091007003000001806860200000000100000020059060080000490
009006300400070005856200000600000004000700200000091500030050006008000000000008413
000090005007105000000040792009800031750000000000900000005000004000260070460500008
009000000700500060008704009080000605600030210010000000030027050000100900000805004