000009670000000000600582009031050090008001000020000700000005004000130000004600985
208000000070456000000000790000000140019003002080000006590000010800070004007040603
000006800720000090000019000000000000000900012061580040000063025070000036000050400
054000070060000120200090000000400000001002045075000090000509013000000907500034060
005810406010000005700000000109000000008367500060050000001004053000090000684000900
130600520075080000000000010000000000300010004080007235416070080000200000000004750
000100090800000000620080500060018000009400000004056001400000030007000802000703050
607100005000600300020000004430001057579000000000000600800700000000014200004890006
000040080090001006301020000800102000064080000002090800000050107000000040000307609
050010000007000530090006000000028000070000000043651720000000160430060009002000045
405000187801006000900000040000701900004005000650200000006009700000000010387060000
040092500000000007200600030010004080008006400005900000120560040000070000050009000
076010049001000700900700805003000900100904200400030070010008000800690020309000000
800000000300406058040000100680000900005010000000000037902000300010690000400003060
010007000947800010800003000000001060000005083301064092100000000500008634030000820
080000100600008704400013000006300070000040000000201503900706000702100040003000200
040100570301000000000006093000050000900800014000010309007030000000002430104900060
000000000038610020050002807300000080001900700089000045070300500000080006000509078
670000009000100000000050400000600901001805000200010087050000700098060000020987300
008000560720300008000000000300500700010000000900200185500190307030080000001002000
003700000580000690600000043050000200000403700009062300000078025806000900000030000
020100005700000068034000000100003050040000981205000400080014000000009004001530000
080000270010053000000107500001009007960000000200300800000000089000064700057000000
031000000007050000080060153003090005700400800900000000006000030200900087000700520
000090001000200060060418200003060500000030040100002000392001004000009600007000300
003000000600080001070400005005030000000008000701602400300000084460700000000004503
009000008700020600002093700541862000020300010000000000075001206003050001400000000
008000000600000081095400000000000000040090500700503020100008907006900000003045008
000000031700030020001600004007905310300007900040000080879000000000160000000000003
600200700004000280800004003000090600460002100907600000000000000201400008038001070
